0 0.319650 0.458831 0.314610 0.473958 0.311590 0.485292 0.310580 0.498891 0.310580 0.512489 0.310580 0.524588 0.310580 0.537421 0.311090 0.548756 0.314610 0.560855 0.319650 0.574453 0.323690 0.585037 0.329730 0.595607 0.334770 0.606192 0.341830 0.615262 0.348890 0.621304 0.360980 0.622819 0.369050 0.622819 0.377620 0.621304 0.383670 0.612999 0.389210 0.601664 0.393750 0.591829 0.396270 0.576717 0.397270 0.564633 0.397270 0.547256 0.395260 0.533643 0.391730 0.519295 0.389210 0.507196 0.385180 0.495112 0.380140 0.482264 0.376110 0.470930 0.371060 0.461859 0.365520 0.452789 0.356950 0.449010 0.348890 0.446747 0.340820 0.446747 0.331750 0.446747
0 0.412630 0.747031 0.405590 0.750750 0.399390 0.751994 0.391110 0.753853 0.382840 0.755712 0.376630 0.757571 0.369190 0.759430 0.361740 0.762534 0.355120 0.765007 0.348500 0.768111 0.340640 0.770600 0.334440 0.773073 0.329890 0.779895 0.326580 0.787961 0.325750 0.797886 0.325750 0.808426 0.329060 0.820225 0.333190 0.830135 0.338570 0.841304 0.343950 0.849985 0.349740 0.862399 0.355950 0.871079 0.362150 0.879145 0.368360 0.884108 0.373740 0.889070 0.380360 0.891544 0.387810 0.894033 0.393600 0.889685 0.397730 0.879760 0.399800 0.870465 0.404350 0.855577 0.408900 0.844408 0.413870 0.832624 0.417180 0.822699 0.422560 0.807811 0.425450 0.798516 0.428350 0.789205 0.430830 0.777421 0.433730 0.766882 0.437450 0.756957 0.437040 0.738966
0 0.553710 0.144003 0.521430 0.123538 0.482550 0.144003 0.440760 0.153928 0.419660 0.166957 0.392970 0.199070 0.408800 0.202039 0.426610 0.202039 0.448370 0.197586 0.466180 0.191649 0.483000 0.185712 0.498830 0.179790 0.513670 0.176822 0.529500 0.166432 0.543350 0.156057
0 0.569570 0.159970 0.575450 0.164378 0.582170 0.170675 0.588050 0.177601 0.591830 0.185787 0.594770 0.195232 0.598130 0.204678 0.600650 0.216012 0.603590 0.227976 0.606530 0.238681 0.609890 0.247496 0.613670 0.260090 0.617030 0.268921 0.620390 0.281514 0.622070 0.291589 0.624170 0.301664 0.627110 0.313628 0.630050 0.323703 0.633410 0.335667 0.636770 0.344483 0.640970 0.356447 0.643910 0.365892 0.647270 0.376597 0.649370 0.387301 0.651050 0.397376 0.653990 0.406822 0.654410 0.416267 0.653990 0.426342 0.490600 0.311739 0.508240 0.280885 0.514970 0.273328 0.520010 0.266402 0.524210 0.258201 0.527570 0.250015 0.531350 0.240570 0.535130 0.232384 0.539750 0.223568 0.544370 0.215382 0.549830 0.208456 0.553610 0.200270 0.556550 0.190825
1 0.115220 0.656417 0.110640 0.683853 0.107210 0.709580 0.106070 0.737016 0.117510 0.761034 0.133520 0.774753 0.151830 0.757601 0.179280 0.719865 0.197590 0.707871 0.211310 0.690720 0.202160 0.666702 0.185000 0.658126 0.166700 0.658126 0.148390 0.658126
1 0.155710 0.570135 0.157780 0.602384 0.166010 0.607046 0.169460 0.602729 0.174060 0.602729 0.179810 0.604033 0.184700 0.606612 0.185910 0.596807 0.224390 0.582534 0.236390 0.562684 0.222320 0.557106 0.188390 0.571364
1 0.370020 0.751859 0.370840 0.722099 0.372910 0.703478 0.430420 0.674948 0.452340 0.692939 0.449450 0.728291 0.425450 0.870330 0.403530 0.885847 0.397730 0.879760 0.399800 0.870465 0.404350 0.855577 0.408900 0.844408 0.413870 0.832624 0.417180 0.822699 0.422560 0.807811 0.425450 0.798516 0.428350 0.789205 0.430830 0.777421 0.433730 0.766882 0.437450 0.756957 0.437040 0.738966 0.412630 0.747031 0.405590 0.750750 0.399390 0.751994 0.391110 0.753853 0.382840 0.755712 0.376630 0.757571 0.369190 0.759430
1 0.552220 0.462594 0.547650 0.495187 0.544220 0.534633 0.541930 0.563793 0.538500 0.592954 0.537350 0.622114 0.536210 0.647841 0.535070 0.675277 0.533920 0.704438 0.532780 0.731874 0.532780 0.762744 0.544220 0.740450 0.554510 0.713013 0.561380 0.687286 0.567100 0.659835 0.570530 0.634108 0.572820 0.599805 0.578540 0.570660 0.579680 0.541499 0.581970 0.515772 0.580830 0.486612 0.567100 0.467751
2 0.112000 0.638141 0.124340 0.641049 0.140420 0.643328 0.157610 0.645202 0.166620 0.646657 0.180620 0.650405 0.179370 0.653733 0.166070 0.653523 0.154700 0.653313 0.139730 0.653943 0.110610 0.652894
2 0.169460 0.602729 0.174060 0.602729 0.179810 0.604033 0.184700 0.606612 0.188720 0.609625 0.193610 0.611784 0.197640 0.614378 0.201370 0.618246 0.205970 0.621274 0.208270 0.627736 0.210570 0.633328 0.212580 0.639805 0.208270 0.636357 0.204530 0.632474 0.201660 0.627301 0.196490 0.626432 0.191600 0.626432 0.185560 0.622999 0.179530 0.619970 0.175210 0.618246 0.169460 0.616102 0.165440 0.613508 0.166010 0.607046
2 0.256950 0.753958 0.254750 0.757256 0.252160 0.762339 0.250360 0.766837 0.247970 0.770420 0.245570 0.773718 0.243570 0.777301 0.241780 0.781199 0.238980 0.782999 0.235990 0.783298 0.232590 0.784198 0.229200 0.785382 0.226810 0.788381 0.224010 0.790480 0.220820 0.791379 0.218020 0.793463 0.215030 0.795562 0.212230 0.797361 0.208840 0.798261 0.205840 0.798861 0.202850 0.799460 0.199460 0.799460 0.195060 0.800360 0.192070 0.800645 0.188080 0.801244 0.185080 0.802744 0.181890 0.803043 0.175300 0.806642 0.172510 0.810825 0.176100 0.810525 0.179690 0.810525 0.183690 0.814423 0.187280 0.816222 0.190470 0.817406 0.193470 0.818006 0.197460 0.818006 0.199660 0.810825 0.201250 0.806642 0.204650 0.805742 0.208040 0.805742 0.211630 0.805442 0.215830 0.805442 0.219220 0.805442 0.224010 0.804543 0.228400 0.803343 0.232790 0.801844 0.235990 0.801244 0.238980 0.799760 0.242780 0.797661 0.245770 0.795862 0.248760 0.793163 0.251960 0.790780 0.254750 0.787481 0.255950 0.783298 0.256350 0.778501 0.256950 0.772819 0.257550 0.767736 0.258350 0.762339 0.258750 0.756957 0.258750 0.752159
4 0.215880 0.187196 0.197080 0.206477 0.182240 0.224288 0.174330 0.245052 0.169380 0.276192 0.165420 0.299925 0.162460 0.322174 0.158500 0.356297 0.159490 0.378546 0.170370 0.394858 0.187190 0.400795 0.202030 0.403748 0.219840 0.408201 0.234680 0.411169 0.252490 0.411169 0.269300 0.414138 0.289090 0.415622 0.303930 0.417106 0.323720 0.417106 0.342520 0.417106 0.358350 0.417106 0.376150 0.417106 0.393960 0.417106 0.410780 0.417106 0.426610 0.411169 0.445410 0.402279 0.462230 0.394858 0.477070 0.385952 0.490920 0.375577 0.502790 0.360735 0.511690 0.337001 0.490600 0.311739 0.508240 0.280885 0.514970 0.273328 0.520010 0.266402 0.524210 0.258201 0.527570 0.250015 0.531350 0.240570 0.535130 0.232384 0.539750 0.223568 0.544370 0.215382 0.549830 0.208456 0.553610 0.200270 0.556550 0.190825 0.558190 0.164948 0.543350 0.156057 0.529500 0.166432 0.513670 0.176822 0.498830 0.179790 0.483000 0.185712 0.466180 0.191649 0.448370 0.197586 0.426610 0.202039 0.408800 0.202039 0.392970 0.199070 0.377140 0.194618 0.359330 0.190165 0.340540 0.188681 0.320750 0.187196 0.304920 0.185712 0.284150 0.182744 0.267330 0.179790 0.249520 0.178306